102951          ,000050,000081,01,8210,2020/08/26
106327          ,000100,000111,01,8240,2020/08/26
106695          ,000400,000056,01,8185,2020/08/26
108182          ,000020,000059,01,8188,2020/08/26
108663          ,000070,000053,01,8182,2020/08/26
110453          ,000100,000104,01,8233,2020/08/26
110477          ,000500,000050,01,8179,2020/08/26
113473          ,000200,000055,01,8184,2020/08/26
115439          ,000100,000084,01,8213,2020/08/26
117561          ,000600,000103,01,8232,2020/08/26
122015          ,000500,000099,01,8228,2020/08/26
122724          ,000500,000073,01,8202,2020/08/26
123183          ,000100,000060,01,8189,2020/08/26
123740          ,000100,000023,01,8152,2020/08/26
124045          ,000100,000140,01,8269,2020/08/26
124437          ,000200,000134,01,8263,2020/08/26
125974          ,000100,000019,01,8148,2020/08/26
126774          ,000100,000113,01,8242,2020/08/26
126990          ,000200,000108,01,8237,2020/08/26
128069          ,000050,000082,01,8211,2020/08/26
128741          ,000300,000002,01,8131,2020/08/26
128766          ,001000,000006,01,8135,2020/08/26
129046          ,000200,000149,01,8278,2020/08/26
129174          ,000200,000091,01,8220,2020/08/26
129301          ,000300,000032,01,8161,2020/08/26
129705          ,000100,000123,01,8252,2020/08/26
129869          ,000100,000101,01,8230,2020/08/26
129895          ,000100,000043,01,8172,2020/08/26
129960          ,000050,000061,01,8190,2020/08/26
130000          ,000100,000044,01,8173,2020/08/26
130063          ,001000,000007,01,8136,2020/08/26
130190          ,000200,000003,01,8132,2020/08/26
130568          ,000200,000045,01,8174,2020/08/26
130810          ,000500,000147,01,8276,2020/08/26
130885          ,001000,000008,01,8137,2020/08/26
130923          ,000100,000047,01,8176,2020/08/26
131103          ,000100,000027,01,8156,2020/08/26
131192          ,000100,000068,01,8197,2020/08/26
131216          ,000100,000004,01,8133,2020/08/26
131228          ,000050,000075,01,8204,2020/08/26
131230          ,000060,000120,01,8249,2020/08/26
131317          ,000550,000143,01,8272,2020/08/26
131329          ,000250,000144,01,8273,2020/08/26
131331          ,000400,000062,01,8191,2020/08/26
131370          ,000500,000009,01,8138,2020/08/26
131418          ,000100,000029,01,8158,2020/08/26
131420          ,000210,000145,01,8274,2020/08/26
131469          ,000500,000093,01,8222,2020/08/26
131519          ,000200,000118,01,8247,2020/08/26
131521          ,000100,000150,01,8279,2020/08/26
131709          ,000150,000052,01,8181,2020/08/26
131800          ,000100,000025,01,8154,2020/08/26
131824          ,000500,000086,01,8215,2020/08/26
131836          ,000100,000106,01,8235,2020/08/26
131863          ,000050,000030,01,8159,2020/08/26
131937          ,000600,000151,01,8280,2020/08/26
131949          ,001000,000069,01,8198,2020/08/26
131976          ,000200,000010,01,8139,2020/08/26
131990          ,000500,000141,01,8270,2020/08/26
132004          ,000400,000026,01,8155,2020/08/26
132028          ,002000,000100,01,8229,2020/08/26
132067          ,001000,000049,01,8178,2020/08/26
132079          ,001000,000034,01,8163,2020/08/26
132168          ,000100,000011,01,8140,2020/08/26
132206          ,000500,000067,01,8196,2020/08/26
132218          ,002000,000080,01,8209,2020/08/26
132319          ,000050,000024,01,8153,2020/08/26
132372          ,000500,000087,01,8216,2020/08/26
132396          ,000200,000039,01,8168,2020/08/26
132434          ,000300,000098,01,8227,2020/08/26
132459          ,000100,000012,01,8141,2020/08/26
132461          ,000100,000013,01,8142,2020/08/26
132523          ,000500,000132,01,8261,2020/08/26
132547          ,000100,000136,01,8265,2020/08/26
132550          ,000400,000038,01,8167,2020/08/26
132574          ,006000,000085,01,8214,2020/08/26
132675          ,000500,000119,01,8248,2020/08/26
132725          ,000900,000116,01,8245,2020/08/26
132737          ,000900,000115,01,8244,2020/08/26
132764          ,000100,000014,01,8143,2020/08/26
132776          ,000100,000036,01,8165,2020/08/26
132790          ,000050,000037,01,8166,2020/08/26
132853          ,000200,000130,01,8259,2020/08/26
132891          ,000200,000127,01,8256,2020/08/26
132903          ,000500,000126,01,8255,2020/08/26
132915          ,000500,000076,01,8205,2020/08/26
132939          ,000100,000046,01,8175,2020/08/26
132980          ,000500,000088,01,8217,2020/08/26
133020          ,000600,000125,01,8254,2020/08/26
133044          ,000050,000054,01,8183,2020/08/26
133107          ,000100,000015,01,8144,2020/08/26
133208          ,000200,000090,01,8219,2020/08/26
133210          ,000100,000146,01,8275,2020/08/26
133273          ,000200,000051,01,8180,2020/08/26
133309          ,000500,000028,01,8157,2020/08/26
133347          ,000100,000033,01,8162,2020/08/26
133398          ,001000,000096,01,8225,2020/08/26
133412          ,000100,000131,01,8260,2020/08/26
133451          ,001000,000094,01,8223,2020/08/26
133513          ,000200,000063,01,8192,2020/08/26
133626          ,000100,000016,01,8145,2020/08/26
133689          ,000100,000020,01,8149,2020/08/26
133715          ,000100,000105,01,8234,2020/08/26
133727          ,001000,000117,01,8246,2020/08/26
133741          ,001000,000153,01,8282,2020/08/26
133754          ,001000,000152,01,8281,2020/08/26
133766          ,000500,000048,01,8177,2020/08/26
133804          ,000200,000128,01,8257,2020/08/26
133855          ,001600,000097,01,8226,2020/08/26
133867          ,001000,000092,01,8221,2020/08/26
133905          ,000100,000057,01,8186,2020/08/26
133917          ,001200,000095,01,8224,2020/08/26
133943          ,000500,000077,01,8206,2020/08/26
133982          ,000500,000041,01,8170,2020/08/26
134008          ,000200,000133,01,8262,2020/08/26
134022          ,000500,000072,01,8201,2020/08/26
134034          ,000100,000107,01,8236,2020/08/26
134097          ,000200,000005,01,8134,2020/08/26
134111          ,000200,000065,01,8194,2020/08/26
134123          ,001000,000064,01,8193,2020/08/26
134135          ,000100,000066,01,8195,2020/08/26
134236          ,000100,000016,01,8145,2020/08/26
134275          ,000200,000071,01,8200,2020/08/26
134299          ,000050,000074,01,8203,2020/08/26
134337          ,000100,000079,01,8208,2020/08/26
134376          ,001500,000135,01,8264,2020/08/26
134414          ,000200,000021,01,8150,2020/08/26
134465          ,000200,000031,01,8160,2020/08/26
134477          ,000500,000078,01,8207,2020/08/26
134515          ,000150,000121,01,8250,2020/08/26
134554          ,000300,000129,01,8258,2020/08/26
134566          ,000300,000083,01,8212,2020/08/26
134592          ,000200,000112,01,8241,2020/08/26
134679          ,000200,000102,01,8231,2020/08/26
134743          ,000100,000109,01,8238,2020/08/26
134756          ,000300,000137,01,8266,2020/08/26
134794          ,000200,000114,01,8243,2020/08/26
134832          ,000100,000017,01,8146,2020/08/26
134857          ,000200,000042,01,8171,2020/08/26
134883          ,000200,000110,01,8239,2020/08/26
134895          ,000200,000058,01,8187,2020/08/26
134972          ,000200,000035,01,8164,2020/08/26
135001          ,000400,000139,01,8268,2020/08/26
135013          ,000500,000142,01,8271,2020/08/26
135025          ,000500,000124,01,8253,2020/08/26
135049          ,000750,000070,01,8199,2020/08/26
135090          ,000200,000122,01,8251,2020/08/26
135126          ,000050,000022,01,8151,2020/08/26
135153          ,000500,000040,01,8169,2020/08/26
135165          ,000500,000089,01,8218,2020/08/26
135177          ,000100,000018,01,8147,2020/08/26
135189          ,000500,000148,01,8277,2020/08/26
135316          ,000100,000001,01,8130,2020/08/26
135316          ,000050,000138,01,8267,2020/08/26
